# time  created  delivered  delivered/created
259206.0000 1 0 0.0000
259237.0000 2 0 0.0000
259268.0000 3 0 0.0000
259298.0000 4 0 0.0000
259328.0000 5 0 0.0000
259358.0000 6 0 0.0000
259388.0000 7 0 0.0000
259418.0000 8 0 0.0000
259449.0000 9 0 0.0000
259480.0000 10 0 0.0000
259511.0000 11 0 0.0000
259542.0000 12 0 0.0000
259573.0000 13 0 0.0000
259603.0000 14 0 0.0000
259633.0000 15 0 0.0000
259663.0000 16 0 0.0000
259693.0000 17 0 0.0000
259723.0000 18 0 0.0000
259754.0000 19 0 0.0000
259784.0000 20 0 0.0000
259814.0000 21 0 0.0000
259845.0000 22 0 0.0000
259876.0000 23 0 0.0000
259906.0000 24 0 0.0000
259937.0000 25 0 0.0000
259967.0000 26 0 0.0000
259998.0000 27 0 0.0000
260029.0000 28 0 0.0000
260060.0000 29 0 0.0000
260091.0000 30 0 0.0000
260122.0000 31 0 0.0000
260153.0000 32 0 0.0000
260183.0000 33 0 0.0000
260213.0000 34 0 0.0000
260243.0000 35 0 0.0000
260273.0000 36 0 0.0000
260304.0000 37 0 0.0000
260335.0000 38 0 0.0000
260366.0000 39 0 0.0000
260396.0000 40 0 0.0000
260426.0000 41 0 0.0000
260457.0000 42 0 0.0000
260488.0000 43 0 0.0000
260518.0000 44 0 0.0000
260549.0000 45 0 0.0000
260579.0000 46 0 0.0000
260609.0000 47 0 0.0000
260640.0000 48 0 0.0000
260671.0000 49 0 0.0000
260702.0000 50 0 0.0000
260733.0000 51 0 0.0000
260764.0000 52 0 0.0000
260795.0000 53 0 0.0000
260826.0000 54 0 0.0000
260856.0000 55 0 0.0000
260887.0000 56 0 0.0000
260917.0000 57 0 0.0000
260948.0000 58 0 0.0000
260978.0000 59 0 0.0000
261009.0000 60 0 0.0000
261040.0000 61 0 0.0000
261070.0000 62 0 0.0000
261101.0000 63 0 0.0000
261131.0000 64 0 0.0000
261161.0000 65 0 0.0000
261191.0000 66 0 0.0000
261222.0000 67 0 0.0000
261253.0000 68 0 0.0000
261284.0000 69 0 0.0000
261315.0000 70 0 0.0000
261346.0000 71 0 0.0000
261377.0000 72 0 0.0000
261408.0000 73 0 0.0000
261439.0000 74 0 0.0000
261469.0000 75 0 0.0000
261499.0000 76 0 0.0000
261530.0000 77 0 0.0000
261561.0000 78 0 0.0000
261591.0000 79 0 0.0000
261621.0000 80 0 0.0000
261651.0000 81 0 0.0000
261682.0000 82 0 0.0000
261712.0000 83 0 0.0000
261743.0000 84 0 0.0000
261773.0000 85 0 0.0000
261804.0000 86 0 0.0000
261834.0000 87 0 0.0000
261864.0000 88 0 0.0000
261895.0000 89 0 0.0000
261925.0000 90 0 0.0000
261955.0000 91 0 0.0000
261985.0000 92 0 0.0000
262015.0000 93 0 0.0000
262045.0000 94 0 0.0000
262076.0000 95 0 0.0000
262106.0000 96 0 0.0000
262137.0000 97 0 0.0000
262168.0000 98 0 0.0000
262198.0000 99 0 0.0000
262228.0000 100 0 0.0000
262258.0000 101 0 0.0000
262288.0000 102 0 0.0000
262319.0000 103 0 0.0000
262349.0000 104 0 0.0000
262380.0000 105 0 0.0000
262410.0000 106 0 0.0000
262441.0000 107 0 0.0000
262472.0000 108 0 0.0000
262502.0000 109 0 0.0000
262532.0000 110 0 0.0000
262562.0000 111 0 0.0000
262592.0000 112 0 0.0000
262622.0000 113 0 0.0000
262653.0000 114 0 0.0000
262683.0000 115 0 0.0000
262713.0000 116 0 0.0000
262743.0000 117 0 0.0000
262774.0000 118 0 0.0000
262804.0000 119 0 0.0000
262834.0000 120 0 0.0000
262865.0000 121 0 0.0000
262895.0000 122 0 0.0000
262925.0000 123 0 0.0000
262955.0000 124 0 0.0000
262985.0000 125 0 0.0000
263016.0000 126 0 0.0000
263046.0000 127 0 0.0000
263077.0000 128 0 0.0000
263108.0000 129 0 0.0000
263138.0000 130 0 0.0000
263169.0000 131 0 0.0000
263200.0000 132 0 0.0000
263230.0000 133 0 0.0000
263261.0000 134 0 0.0000
263291.0000 135 0 0.0000
263322.0000 136 0 0.0000
263353.0000 137 0 0.0000
263384.0000 138 0 0.0000
263415.0000 139 0 0.0000
263446.0000 140 0 0.0000
263477.0000 141 0 0.0000
263508.0000 142 0 0.0000
263538.0000 143 0 0.0000
263568.0000 144 0 0.0000
263599.0000 145 0 0.0000
263629.0000 146 0 0.0000
263660.0000 147 0 0.0000
263690.0000 148 0 0.0000
263720.0000 149 0 0.0000
263750.0000 150 0 0.0000
263781.0000 151 0 0.0000
263811.0000 152 0 0.0000
263841.0000 153 0 0.0000
263872.0000 154 0 0.0000
263903.0000 155 0 0.0000
263933.0000 156 0 0.0000
263964.0000 157 0 0.0000
263994.0000 158 0 0.0000
264025.0000 159 0 0.0000
264055.0000 160 0 0.0000
264086.0000 161 0 0.0000
264117.0000 162 0 0.0000
264148.0000 163 0 0.0000
264178.0000 164 0 0.0000
264208.0000 165 0 0.0000
264239.0000 166 0 0.0000
264270.0000 167 0 0.0000
264301.0000 168 0 0.0000
264331.0000 169 0 0.0000
264361.0000 170 0 0.0000
264392.0000 171 0 0.0000
264423.0000 172 0 0.0000
264454.0000 173 0 0.0000
264484.0000 174 0 0.0000
264515.0000 175 0 0.0000
264545.0000 176 0 0.0000
264576.0000 177 0 0.0000
264607.0000 178 0 0.0000
264638.0000 179 0 0.0000
264668.0000 180 0 0.0000
264698.0000 181 0 0.0000
264729.0000 182 0 0.0000
264760.0000 183 0 0.0000
264791.0000 184 0 0.0000
264821.0000 185 0 0.0000
264851.0000 186 0 0.0000
264881.0000 187 0 0.0000
264912.0000 188 0 0.0000
264943.0000 189 0 0.0000
264974.0000 190 0 0.0000
265004.0000 191 0 0.0000
265034.0000 192 0 0.0000
265065.0000 193 0 0.0000
265095.0000 194 0 0.0000
265125.0000 195 0 0.0000
265156.0000 196 0 0.0000
265186.0000 197 0 0.0000
265216.0000 198 0 0.0000
265247.0000 199 0 0.0000
265277.0000 200 0 0.0000
265307.0000 201 0 0.0000
265337.0000 202 0 0.0000
265368.0000 203 0 0.0000
265398.0000 204 0 0.0000
265428.0000 205 0 0.0000
265459.0000 206 0 0.0000
265490.0000 207 0 0.0000
265520.0000 208 0 0.0000
265550.0000 209 0 0.0000
265580.0000 210 0 0.0000
265611.0000 211 0 0.0000
265641.0000 212 0 0.0000
265672.0000 213 0 0.0000
265703.0000 214 0 0.0000
265733.0000 215 0 0.0000
265763.0000 216 0 0.0000
265794.0000 217 0 0.0000
265825.0000 218 0 0.0000
265855.0000 219 0 0.0000
265855.2000 219 1 0.0046
265885.0000 220 1 0.0045
265915.0000 221 1 0.0045
265945.0000 222 1 0.0045
265975.0000 223 1 0.0045
266005.0000 224 1 0.0045
266035.0000 225 1 0.0044
266065.0000 226 1 0.0044
266095.0000 227 1 0.0044
266126.0000 228 1 0.0044
266157.0000 229 1 0.0044
266187.0000 230 1 0.0043
266217.0000 231 1 0.0043
266248.0000 232 1 0.0043
266278.0000 233 1 0.0043
266308.0000 234 1 0.0043
266339.0000 235 1 0.0043
266369.0000 236 1 0.0042
266399.0000 237 1 0.0042
266429.0000 238 1 0.0042
266460.0000 239 1 0.0042
266491.0000 240 1 0.0042
266522.0000 241 1 0.0041
266552.0000 242 1 0.0041
266582.0000 243 1 0.0041
266613.0000 244 1 0.0041
266644.0000 245 1 0.0041
266675.0000 246 1 0.0041
266705.0000 247 1 0.0040
266735.0000 248 1 0.0040
266766.0000 249 1 0.0040
266796.0000 250 1 0.0040
266827.0000 251 1 0.0040
266858.0000 252 1 0.0040
266889.0000 253 1 0.0040
266920.0000 254 1 0.0039
266950.0000 255 1 0.0039
266981.0000 256 1 0.0039
267011.0000 257 1 0.0039
267042.0000 258 1 0.0039
267073.0000 259 1 0.0039
267104.0000 260 1 0.0038
267113.4000 260 2 0.0077
267135.0000 261 2 0.0077
267165.0000 262 2 0.0076
267196.0000 263 2 0.0076
267226.0000 264 2 0.0076
267257.0000 265 2 0.0075
267267.1000 265 3 0.0113
267287.0000 266 3 0.0113
267317.0000 267 3 0.0112
267347.0000 268 3 0.0112
267378.0000 269 3 0.0112
267409.0000 270 3 0.0111
267440.0000 271 3 0.0111
267471.0000 272 3 0.0110
267502.0000 273 3 0.0110
267533.0000 274 3 0.0109
267564.0000 275 3 0.0109
267594.0000 276 3 0.0109
267624.0000 277 3 0.0108
267655.0000 278 3 0.0108
267685.0000 279 3 0.0108
267716.0000 280 3 0.0107
267747.0000 281 3 0.0107
267778.0000 282 3 0.0106
267808.0000 283 3 0.0106
267838.0000 284 3 0.0106
267869.0000 285 3 0.0105
267899.0000 286 3 0.0105
267930.0000 287 3 0.0105
267960.0000 288 3 0.0104
267990.0000 289 3 0.0104
268020.0000 290 3 0.0103
268050.0000 291 3 0.0103
268081.0000 292 3 0.0103
268112.0000 293 3 0.0102
268143.0000 294 3 0.0102
268173.0000 295 3 0.0102
268204.0000 296 3 0.0101
268234.0000 297 3 0.0101
268264.0000 298 3 0.0101
268294.0000 299 3 0.0100
268325.0000 300 3 0.0100
268356.0000 301 3 0.0100
268386.0000 302 3 0.0099
268416.0000 303 3 0.0099
268446.0000 304 3 0.0099
268477.0000 305 3 0.0098
268507.0000 306 3 0.0098
268537.0000 307 3 0.0098
268567.0000 308 3 0.0097
268597.0000 309 3 0.0097
268627.0000 310 3 0.0097
268658.0000 311 3 0.0096
268688.0000 312 3 0.0096
268718.0000 313 3 0.0096
268749.0000 314 3 0.0096
268780.0000 315 3 0.0095
268811.0000 316 3 0.0095
268842.0000 317 3 0.0095
268872.0000 318 3 0.0094
268903.0000 319 3 0.0094
268933.0000 320 3 0.0094
268963.0000 321 3 0.0093
268994.0000 322 3 0.0093
269024.0000 323 3 0.0093
269055.0000 324 3 0.0093
269086.0000 325 3 0.0092
269117.0000 326 3 0.0092
269148.0000 327 3 0.0092
269178.0000 328 3 0.0091
269208.0000 329 3 0.0091
269238.0000 330 3 0.0091
269269.0000 331 3 0.0091
269299.0000 332 3 0.0090
269330.0000 333 3 0.0090
269361.0000 334 3 0.0090
269392.0000 335 3 0.0090
269423.0000 336 3 0.0089
269454.0000 337 3 0.0089
269485.0000 338 3 0.0089
269515.0000 339 3 0.0088
269545.0000 340 3 0.0088
269576.0000 341 3 0.0088
269606.0000 342 3 0.0088
269637.0000 343 3 0.0087
269668.0000 344 3 0.0087
269699.0000 345 3 0.0087
269729.0000 346 3 0.0087
269760.0000 347 3 0.0086
269790.0000 348 3 0.0086
269821.0000 349 3 0.0086
269852.0000 350 3 0.0086
269883.0000 351 3 0.0085
269913.0000 352 3 0.0085
269943.0000 353 3 0.0085
269974.0000 354 3 0.0085
270004.0000 355 3 0.0085
270034.0000 356 3 0.0084
270065.0000 357 3 0.0084
270095.0000 358 3 0.0084
270126.0000 359 3 0.0084
270130.7000 359 4 0.0111
270157.0000 360 4 0.0111
270188.0000 361 4 0.0111
270218.0000 362 4 0.0110
270249.0000 363 4 0.0110
270280.0000 364 4 0.0110
270311.0000 365 4 0.0110
270341.0000 366 4 0.0109
270371.0000 367 4 0.0109
270402.0000 368 4 0.0109
270433.0000 369 4 0.0108
270464.0000 370 4 0.0108
270494.0000 371 4 0.0108
270525.0000 372 4 0.0108
270556.0000 373 4 0.0107
270587.0000 374 4 0.0107
270618.0000 375 4 0.0107
270648.0000 376 4 0.0106
270679.0000 377 4 0.0106
270681.3000 377 5 0.0133
270710.0000 378 5 0.0132
270741.0000 379 5 0.0132
270771.0000 380 5 0.0132
270802.0000 381 5 0.0131
270833.0000 382 5 0.0131
270864.0000 383 5 0.0131
270894.0000 384 5 0.0130
270924.0000 385 5 0.0130
270955.0000 386 5 0.0130
270985.0000 387 5 0.0129
271016.0000 388 5 0.0129
271046.0000 389 5 0.0129
271076.0000 390 5 0.0128
271107.0000 391 5 0.0128
271138.0000 392 5 0.0128
271169.0000 393 5 0.0127
271199.0000 394 5 0.0127
271229.0000 395 5 0.0127
271260.0000 396 5 0.0126
271290.0000 397 5 0.0126
271321.0000 398 5 0.0126
271351.0000 399 5 0.0125
271381.0000 400 5 0.0125
271411.0000 401 5 0.0125
271441.0000 402 5 0.0124
271472.0000 403 5 0.0124
271502.0000 404 5 0.0124
271533.0000 405 5 0.0123
271563.0000 406 5 0.0123
271594.0000 407 5 0.0123
271625.0000 408 5 0.0123
271656.0000 409 5 0.0122
271687.0000 410 5 0.0122
271717.0000 411 5 0.0122
271748.0000 412 5 0.0121
271779.0000 413 5 0.0121
271810.0000 414 5 0.0121
271840.0000 415 5 0.0120
271870.0000 416 5 0.0120
271900.0000 417 5 0.0120
271930.0000 418 5 0.0120
271960.0000 419 5 0.0119
271991.0000 420 5 0.0119
272021.0000 421 5 0.0119
272051.0000 422 5 0.0118
272081.0000 423 5 0.0118
272112.0000 424 5 0.0118
272143.0000 425 5 0.0118
272174.0000 426 5 0.0117
272204.0000 427 5 0.0117
272235.0000 428 5 0.0117
272265.0000 429 5 0.0117
272295.0000 430 5 0.0116
272325.0000 431 5 0.0116
272356.0000 432 5 0.0116
272387.0000 433 5 0.0115
272418.0000 434 5 0.0115
272449.0000 435 5 0.0115
272480.0000 436 5 0.0115
272511.0000 437 5 0.0114
272542.0000 438 5 0.0114
272573.0000 439 5 0.0114
272604.0000 440 5 0.0114
272634.0000 441 5 0.0113
272665.0000 442 5 0.0113
272695.0000 443 5 0.0113
272725.0000 444 5 0.0113
272755.0000 445 5 0.0112
272786.0000 446 5 0.0112
272816.0000 447 5 0.0112
272846.0000 448 5 0.0112
272877.0000 449 5 0.0111
272908.0000 450 5 0.0111
272939.0000 451 5 0.0111
272969.0000 452 5 0.0111
272999.0000 453 5 0.0110
273030.0000 454 5 0.0110
273061.0000 455 5 0.0110
273092.0000 456 5 0.0110
273123.0000 457 5 0.0109
273154.0000 458 5 0.0109
273184.0000 459 5 0.0109
273215.0000 460 5 0.0109
273245.0000 461 5 0.0108
273276.0000 462 5 0.0108
273307.0000 463 5 0.0108
273337.0000 464 5 0.0108
273367.0000 465 5 0.0108
273397.0000 466 5 0.0107
273428.0000 467 5 0.0107
273459.0000 468 5 0.0107
273490.0000 469 5 0.0107
273521.0000 470 5 0.0106
273550.3000 470 6 0.0128
273552.0000 471 6 0.0127
273582.0000 472 6 0.0127
273612.0000 473 6 0.0127
273642.0000 474 6 0.0127
273672.0000 475 6 0.0126
273702.0000 476 6 0.0126
273732.0000 477 6 0.0126
273762.0000 478 6 0.0126
273793.0000 479 6 0.0125
273824.0000 480 6 0.0125
273854.0000 481 6 0.0125
273884.0000 482 6 0.0124
273914.0000 483 6 0.0124
273944.0000 484 6 0.0124
273975.0000 485 6 0.0124
274006.0000 486 6 0.0123
274036.0000 487 6 0.0123
274066.0000 488 6 0.0123
274096.0000 489 6 0.0123
274127.0000 490 6 0.0122
274158.0000 491 6 0.0122
274188.0000 492 6 0.0122
274219.0000 493 6 0.0122
274249.0000 494 6 0.0121
274279.0000 495 6 0.0121
274310.0000 496 6 0.0121
274340.0000 497 6 0.0121
274371.0000 498 6 0.0120
274402.0000 499 6 0.0120
274433.0000 500 6 0.0120
274463.0000 501 6 0.0120
274468.4000 501 7 0.0140
274493.0000 502 7 0.0139
274523.0000 503 7 0.0139
274530.7000 503 8 0.0159
274553.0000 504 8 0.0159
274573.0000 504 9 0.0179
274584.0000 505 9 0.0178
274614.0000 506 9 0.0178
274645.0000 507 9 0.0178
274675.0000 508 9 0.0177
274705.0000 509 9 0.0177
274720.1000 509 10 0.0196
274735.0000 510 10 0.0196
274766.0000 511 10 0.0196
274797.0000 512 10 0.0195
274828.0000 513 10 0.0195
274859.0000 514 10 0.0195
274889.0000 515 10 0.0194
274919.0000 516 10 0.0194
274949.0000 517 10 0.0193
274980.0000 518 10 0.0193
275010.0000 519 10 0.0193
275041.0000 520 10 0.0192
275072.0000 521 10 0.0192
275103.0000 522 10 0.0192
275134.0000 523 10 0.0191
275164.0000 524 10 0.0191
275195.0000 525 10 0.0190
275225.0000 526 10 0.0190
275255.0000 527 10 0.0190
275285.0000 528 10 0.0189
275315.0000 529 10 0.0189
275345.0000 530 10 0.0189
275376.0000 531 10 0.0188
275407.0000 532 10 0.0188
275438.0000 533 10 0.0188
275469.0000 534 10 0.0187
275500.0000 535 10 0.0187
275531.0000 536 10 0.0187
275562.0000 537 10 0.0186
275592.0000 538 10 0.0186
275623.0000 539 10 0.0186
275653.0000 540 10 0.0185
275683.0000 541 10 0.0185
275713.0000 542 10 0.0185
275743.0000 543 10 0.0184
275773.0000 544 10 0.0184
275803.0000 545 10 0.0183
275833.0000 546 10 0.0183
275864.0000 547 10 0.0183
275895.0000 548 10 0.0182
275926.0000 549 10 0.0182
275956.0000 550 10 0.0182
275976.6000 550 11 0.0200
275986.0000 551 11 0.0200
276017.0000 552 11 0.0199
276047.0000 553 11 0.0199
276077.0000 554 11 0.0199
276108.0000 555 11 0.0198
276139.0000 556 11 0.0198
276170.0000 557 11 0.0197
276201.0000 558 11 0.0197
276232.0000 559 11 0.0197
276262.0000 560 11 0.0196
276293.0000 561 11 0.0196
276323.0000 562 11 0.0196
276354.0000 563 11 0.0195
276384.0000 564 11 0.0195
276414.0000 565 11 0.0195
276444.0000 566 11 0.0194
276474.0000 567 11 0.0194
276504.0000 568 11 0.0194
276534.0000 569 11 0.0193
276565.0000 570 11 0.0193
276596.0000 571 11 0.0193
276626.0000 572 11 0.0192
276657.0000 573 11 0.0192
276688.0000 574 11 0.0192
276718.0000 575 11 0.0191
276749.0000 576 11 0.0191
276779.0000 577 11 0.0191
276810.0000 578 11 0.0190
276840.0000 579 11 0.0190
276870.0000 580 11 0.0190
276900.0000 581 11 0.0189
276931.0000 582 11 0.0189
276961.0000 583 11 0.0189
276992.0000 584 11 0.0188
277023.0000 585 11 0.0188
277054.0000 586 11 0.0188
277085.0000 587 11 0.0187
277115.0000 588 11 0.0187
277145.0000 589 11 0.0187
277175.0000 590 11 0.0186
277205.0000 591 11 0.0186
277235.0000 592 11 0.0186
277265.0000 593 11 0.0185
277296.0000 594 11 0.0185
277327.0000 595 11 0.0185
277358.0000 596 11 0.0185
277388.0000 597 11 0.0184
277405.5000 597 12 0.0201
277418.0000 598 12 0.0201
277449.0000 599 12 0.0200
277480.0000 600 12 0.0200
277510.0000 601 12 0.0200
277541.0000 602 12 0.0199
277572.0000 603 12 0.0199
277602.0000 604 12 0.0199
277632.0000 605 12 0.0198
277663.0000 606 12 0.0198
277694.0000 607 12 0.0198
277725.0000 608 12 0.0197
277756.0000 609 12 0.0197
277787.0000 610 12 0.0197
277818.0000 611 12 0.0196
277849.0000 612 12 0.0196
277880.0000 613 12 0.0196
277910.0000 614 12 0.0195
277941.0000 615 12 0.0195
277972.0000 616 12 0.0195
278002.0000 617 12 0.0194
278033.0000 618 12 0.0194
278063.0000 619 12 0.0194
278093.0000 620 12 0.0194
278123.0000 621 12 0.0193
278154.0000 622 12 0.0193
278185.0000 623 12 0.0193
278215.0000 624 12 0.0192
278246.0000 625 12 0.0192
278277.0000 626 12 0.0192
278307.0000 627 12 0.0191
278338.0000 628 12 0.0191
278368.0000 629 12 0.0191
278398.0000 630 12 0.0190
278429.0000 631 12 0.0190
278459.0000 632 12 0.0190
278489.0000 633 12 0.0190
278519.0000 634 12 0.0189
278550.0000 635 12 0.0189
278581.0000 636 12 0.0189
278611.0000 637 12 0.0188
278641.0000 638 12 0.0188
278671.0000 639 12 0.0188
278701.0000 640 12 0.0188
278731.0000 641 12 0.0187
278762.0000 642 12 0.0187
278773.4000 642 13 0.0202
278792.0000 643 13 0.0202
278823.0000 644 13 0.0202
278854.0000 645 13 0.0202
278885.0000 646 13 0.0201
278915.0000 647 13 0.0201
278945.0000 648 13 0.0201
278976.0000 649 13 0.0200
279007.0000 650 13 0.0200
279037.0000 651 13 0.0200
279068.0000 652 13 0.0199
279099.0000 653 13 0.0199
279129.0000 654 13 0.0199
279159.0000 655 13 0.0198
279189.0000 656 13 0.0198
279220.0000 657 13 0.0198
279251.0000 658 13 0.0198
279281.0000 659 13 0.0197
279311.0000 660 13 0.0197
279342.0000 661 13 0.0197
279373.0000 662 13 0.0196
279404.0000 663 13 0.0196
279434.0000 664 13 0.0196
279465.0000 665 13 0.0195
279496.0000 666 13 0.0195
279507.1000 666 14 0.0210
279527.0000 667 14 0.0210
279556.0000 667 15 0.0225
279558.0000 668 15 0.0225
279588.0000 669 15 0.0224
279619.0000 670 15 0.0224
279650.0000 671 15 0.0224
279681.0000 672 15 0.0223
279712.0000 673 15 0.0223
279742.0000 674 15 0.0223
279773.0000 675 15 0.0222
279803.0000 676 15 0.0222
279834.0000 677 15 0.0222
279859.1000 677 16 0.0236
279865.0000 678 16 0.0236
279895.0000 679 16 0.0236
279926.0000 680 16 0.0235
279956.0000 681 16 0.0235
279986.0000 682 16 0.0235
280017.0000 683 16 0.0234
280047.0000 684 16 0.0234
280077.0000 685 16 0.0234
280107.0000 686 16 0.0233
280138.0000 687 16 0.0233
280169.0000 688 16 0.0233
280199.0000 689 16 0.0232
280229.0000 690 16 0.0232
280260.0000 691 16 0.0232
280291.0000 692 16 0.0231
280321.0000 693 16 0.0231
280351.0000 694 16 0.0231
280382.0000 695 16 0.0230
280413.0000 696 16 0.0230
280444.0000 697 16 0.0230
280475.0000 698 16 0.0229
280506.0000 699 16 0.0229
280537.0000 700 16 0.0229
280567.0000 701 16 0.0228
280589.2000 701 17 0.0243
280597.0000 702 17 0.0242
280628.0000 703 17 0.0242
280658.0000 704 17 0.0241
280689.0000 705 17 0.0241
280720.0000 706 17 0.0241
280751.0000 707 17 0.0240
280781.0000 708 17 0.0240
280811.0000 709 17 0.0240
280841.0000 710 17 0.0239
280872.0000 711 17 0.0239
280903.0000 712 17 0.0239
280934.0000 713 17 0.0238
280964.0000 714 17 0.0238
280994.0000 715 17 0.0238
281006.2000 715 18 0.0252
281024.0000 716 18 0.0251
281054.0000 717 18 0.0251
281085.0000 718 18 0.0251
281115.0000 719 18 0.0250
281146.0000 720 18 0.0250
281176.0000 721 18 0.0250
281206.0000 722 18 0.0249
281237.0000 723 18 0.0249
281267.0000 724 18 0.0249
281297.0000 725 18 0.0248
281328.0000 726 18 0.0248
281359.0000 727 18 0.0248
281389.0000 728 18 0.0247
281419.0000 729 18 0.0247
281450.0000 730 18 0.0247
281481.0000 731 18 0.0246
281512.0000 732 18 0.0246
281543.0000 733 18 0.0246
281574.0000 734 18 0.0245
281604.0000 735 18 0.0245
281634.0000 736 18 0.0245
281665.0000 737 18 0.0244
281695.0000 738 18 0.0244
281726.0000 739 18 0.0244
281757.0000 740 18 0.0243
281787.0000 741 18 0.0243
281817.0000 742 18 0.0243
281848.0000 743 18 0.0242
281879.0000 744 18 0.0242
281909.0000 745 18 0.0242
281939.0000 746 18 0.0241
281970.0000 747 18 0.0241
282001.0000 748 18 0.0241
282032.0000 749 18 0.0240
282062.0000 750 18 0.0240
282093.0000 751 18 0.0240
282123.0000 752 18 0.0239
282153.0000 753 18 0.0239
282183.0000 754 18 0.0239
282213.0000 755 18 0.0238
282243.0000 756 18 0.0238
282273.0000 757 18 0.0238
282303.0000 758 18 0.0237
282334.0000 759 18 0.0237
282364.0000 760 18 0.0237
282395.0000 761 18 0.0237
282426.0000 762 18 0.0236
282457.0000 763 18 0.0236
282487.0000 764 18 0.0236
282501.1000 764 19 0.0249
282517.0000 765 19 0.0248
282547.0000 766 19 0.0248
282577.0000 767 19 0.0248
282607.0000 768 19 0.0247
282638.0000 769 19 0.0247
282669.0000 770 19 0.0247
282700.0000 771 19 0.0246
282731.0000 772 19 0.0246
282762.0000 773 19 0.0246
282793.0000 774 19 0.0245
282823.0000 775 19 0.0245
282853.0000 776 19 0.0245
282883.0000 777 19 0.0245
282914.0000 778 19 0.0244
282945.0000 779 19 0.0244
282975.0000 780 19 0.0244
283006.0000 781 19 0.0243
283036.0000 782 19 0.0243
283067.0000 783 19 0.0243
283097.0000 784 19 0.0242
283128.0000 785 19 0.0242
283159.0000 786 19 0.0242
283190.0000 787 19 0.0241
283221.0000 788 19 0.0241
283251.0000 789 19 0.0241
283282.0000 790 19 0.0241
283313.0000 791 19 0.0240
283344.0000 792 19 0.0240
283375.0000 793 19 0.0240
283406.0000 794 19 0.0239
283437.0000 795 19 0.0239
283468.0000 796 19 0.0239
283498.0000 797 19 0.0238
283529.0000 798 19 0.0238
283538.4000 798 20 0.0251
283559.0000 799 20 0.0250
283590.0000 800 20 0.0250
283621.0000 801 20 0.0250
283652.0000 802 20 0.0249
283683.0000 803 20 0.0249
283713.0000 804 20 0.0249
283744.0000 805 20 0.0248
283774.0000 806 20 0.0248
283805.0000 807 20 0.0248
283836.0000 808 20 0.0248
283866.0000 809 20 0.0247
283896.0000 810 20 0.0247
283927.0000 811 20 0.0247
283957.0000 812 20 0.0246
283987.0000 813 20 0.0246
284017.0000 814 20 0.0246
284047.0000 815 20 0.0245
284077.0000 816 20 0.0245
284107.0000 817 20 0.0245
284137.0000 818 20 0.0244
284167.0000 819 20 0.0244
284187.8000 819 21 0.0256
284198.0000 820 21 0.0256
284228.0000 821 21 0.0256
284258.0000 822 21 0.0255
284289.0000 823 21 0.0255
284320.0000 824 21 0.0255
284350.0000 825 21 0.0255
284380.0000 826 21 0.0254
284410.0000 827 21 0.0254
284440.0000 828 21 0.0254
284471.0000 829 21 0.0253
284502.0000 830 21 0.0253
284533.0000 831 21 0.0253
284564.0000 832 21 0.0252
284594.0000 833 21 0.0252
284624.0000 834 21 0.0252
284655.0000 835 21 0.0251
284685.0000 836 21 0.0251
284715.0000 837 21 0.0251
284746.0000 838 21 0.0251
284777.0000 839 21 0.0250
284808.0000 840 21 0.0250
284839.0000 841 21 0.0250
284869.0000 842 21 0.0249
284900.0000 843 21 0.0249
284931.0000 844 21 0.0249
284962.0000 845 21 0.0249
284992.0000 846 21 0.0248
285022.0000 847 21 0.0248
285052.0000 848 21 0.0248
285082.0000 849 21 0.0247
285113.0000 850 21 0.0247
285143.0000 851 21 0.0247
285173.0000 852 21 0.0246
285204.0000 853 21 0.0246
285235.0000 854 21 0.0246
285266.0000 855 21 0.0246
285296.0000 856 21 0.0245
285327.0000 857 21 0.0245
285357.0000 858 21 0.0245
285388.0000 859 21 0.0244
285419.0000 860 21 0.0244
285449.0000 861 21 0.0244
285479.0000 862 21 0.0244
285510.0000 863 21 0.0243
285540.0000 864 21 0.0243
285571.0000 865 21 0.0243
285602.0000 866 21 0.0242
285632.0000 867 21 0.0242
285662.0000 868 21 0.0242
285692.0000 869 21 0.0242
285722.0000 870 21 0.0241
285753.0000 871 21 0.0241
285784.0000 872 21 0.0241
285815.0000 873 21 0.0241
285845.0000 874 21 0.0240
285875.0000 875 21 0.0240
285905.0000 876 21 0.0240
285936.0000 877 21 0.0239
285967.0000 878 21 0.0239
285997.0000 879 21 0.0239
286027.0000 880 21 0.0239
286058.0000 881 21 0.0238
286089.0000 882 21 0.0238
286120.0000 883 21 0.0238
286150.0000 884 21 0.0238
286181.0000 885 21 0.0237
286212.0000 886 21 0.0237
286242.0000 887 21 0.0237
286273.0000 888 21 0.0236
286304.0000 889 21 0.0236
286334.0000 890 21 0.0236
286365.0000 891 21 0.0236
286395.0000 892 21 0.0235
286425.0000 893 21 0.0235
286455.0000 894 21 0.0235
286485.0000 895 21 0.0235
286515.0000 896 21 0.0234
286546.0000 897 21 0.0234
286577.0000 898 21 0.0234
286607.0000 899 21 0.0234
286637.0000 900 21 0.0233
286668.0000 901 21 0.0233
286699.0000 902 21 0.0233
286730.0000 903 21 0.0233
286761.0000 904 21 0.0232
286792.0000 905 21 0.0232
286823.0000 906 21 0.0232
286854.0000 907 21 0.0232
286885.0000 908 21 0.0231
286915.0000 909 21 0.0231
286946.0000 910 21 0.0231
286977.0000 911 21 0.0231
287007.0000 912 21 0.0230
287038.0000 913 21 0.0230
287069.0000 914 21 0.0230
287100.0000 915 21 0.0230
287131.0000 916 21 0.0229
287161.0000 917 21 0.0229
287191.0000 918 21 0.0229
287222.0000 919 21 0.0229
287253.0000 920 21 0.0228
287284.0000 921 21 0.0228
287315.0000 922 21 0.0228
287346.0000 923 21 0.0228
287377.0000 924 21 0.0227
287377.6000 924 22 0.0238
287408.0000 925 22 0.0238
287438.0000 926 22 0.0238
287468.0000 927 22 0.0237
287498.0000 928 22 0.0237
287528.0000 929 22 0.0237
287558.0000 930 22 0.0237
287589.0000 931 22 0.0236
287620.0000 932 22 0.0236
287651.0000 933 22 0.0236
287682.0000 934 22 0.0236
287712.0000 935 22 0.0235
287743.0000 936 22 0.0235
287764.1000 936 23 0.0246
287774.0000 937 23 0.0245
287804.0000 938 23 0.0245
287832.2000 938 24 0.0256
287834.0000 939 24 0.0256
287864.0000 940 24 0.0255
287895.0000 941 24 0.0255
287926.0000 942 24 0.0255
287956.0000 943 24 0.0255
287987.0000 944 24 0.0254
288018.0000 945 24 0.0254
288048.0000 946 24 0.0254
288079.0000 947 24 0.0253
288110.0000 948 24 0.0253
288141.0000 949 24 0.0253
288172.0000 950 24 0.0253
288203.0000 951 24 0.0252
288234.0000 952 24 0.0252
288265.0000 953 24 0.0252
288296.0000 954 24 0.0252
288326.0000 955 24 0.0251
288356.0000 956 24 0.0251
288387.0000 957 24 0.0251
288418.0000 958 24 0.0251
288449.0000 959 24 0.0250
288480.0000 960 24 0.0250
288510.0000 961 24 0.0250
288541.0000 962 24 0.0249
288572.0000 963 24 0.0249
288602.0000 964 24 0.0249
288633.0000 965 24 0.0249
288664.0000 966 24 0.0248
288695.0000 967 24 0.0248
288726.0000 968 24 0.0248
288756.0000 969 24 0.0248
288786.0000 970 24 0.0247
288817.0000 971 24 0.0247
288847.0000 972 24 0.0247
288877.0000 973 24 0.0247
288907.0000 974 24 0.0246
288938.0000 975 24 0.0246
288969.0000 976 24 0.0246
288999.0000 977 24 0.0246
289029.0000 978 24 0.0245
289059.0000 979 24 0.0245
289090.0000 980 24 0.0245
289121.0000 981 24 0.0245
289151.0000 982 24 0.0244
289182.0000 983 24 0.0244
289213.0000 984 24 0.0244
289243.0000 985 24 0.0244
289274.0000 986 24 0.0243
289305.0000 987 24 0.0243
289335.0000 988 24 0.0243
289365.0000 989 24 0.0243
289396.0000 990 24 0.0242
289426.0000 991 24 0.0242
289456.0000 992 24 0.0242
289486.0000 993 24 0.0242
289516.0000 994 24 0.0241
289547.0000 995 24 0.0241
289577.0000 996 24 0.0241
289608.0000 997 24 0.0241
289639.0000 998 24 0.0240
289670.0000 999 24 0.0240
289701.0000 1000 24 0.0240
289732.0000 1001 24 0.0240
289762.0000 1002 24 0.0240
289793.0000 1003 24 0.0239
289823.0000 1004 24 0.0239
289853.0000 1005 24 0.0239
289883.0000 1006 24 0.0239
289913.0000 1007 24 0.0238
289943.0000 1008 24 0.0238
289967.6000 1008 25 0.0248
289974.0000 1009 25 0.0248
290005.0000 1010 25 0.0248
290035.0000 1011 25 0.0247
290066.0000 1012 25 0.0247
290096.0000 1013 25 0.0247
290127.0000 1014 25 0.0247
290158.0000 1015 25 0.0246
290189.0000 1016 25 0.0246
290220.0000 1017 25 0.0246
290251.0000 1018 25 0.0246
290282.0000 1019 25 0.0245
290313.0000 1020 25 0.0245
290343.0000 1021 25 0.0245
290373.0000 1022 25 0.0245
290403.0000 1023 25 0.0244
290434.0000 1024 25 0.0244
290465.0000 1025 25 0.0244
290495.0000 1026 25 0.0244
290525.0000 1027 25 0.0243
290556.0000 1028 25 0.0243
290587.0000 1029 25 0.0243
290617.0000 1030 25 0.0243
290647.0000 1031 25 0.0242
290678.0000 1032 25 0.0242
290709.0000 1033 25 0.0242
290740.0000 1034 25 0.0242
290770.0000 1035 25 0.0242
290801.0000 1036 25 0.0241
290832.0000 1037 25 0.0241
290863.0000 1038 25 0.0241
290893.0000 1039 25 0.0241
290923.0000 1040 25 0.0240
290954.0000 1041 25 0.0240
290984.0000 1042 25 0.0240
291015.0000 1043 25 0.0240
291045.0000 1044 25 0.0239
291075.0000 1045 25 0.0239
291106.0000 1046 25 0.0239
291137.0000 1047 25 0.0239
291168.0000 1048 25 0.0239
291198.0000 1049 25 0.0238
291228.0000 1050 25 0.0238
291258.0000 1051 25 0.0238
291289.0000 1052 25 0.0238
291320.0000 1053 25 0.0237
291350.0000 1054 25 0.0237
291380.0000 1055 25 0.0237
291411.0000 1056 25 0.0237
291441.0000 1057 25 0.0237
291472.0000 1058 25 0.0236
291503.0000 1059 25 0.0236
291534.0000 1060 25 0.0236
291564.0000 1061 25 0.0236
291595.0000 1062 25 0.0235
291603.3000 1062 26 0.0245
291626.0000 1063 26 0.0245
291657.0000 1064 26 0.0244
291687.0000 1065 26 0.0244
291718.0000 1066 26 0.0244
291749.0000 1067 26 0.0244
291779.0000 1068 26 0.0243
291810.0000 1069 26 0.0243
291840.0000 1070 26 0.0243
291871.0000 1071 26 0.0243
291902.0000 1072 26 0.0243
291933.0000 1073 26 0.0242
291963.0000 1074 26 0.0242
291994.0000 1075 26 0.0242
292024.0000 1076 26 0.0242
292054.0000 1077 26 0.0241
292084.0000 1078 26 0.0241
292115.0000 1079 26 0.0241
292146.0000 1080 26 0.0241
292163.0000 1080 27 0.0250
292177.0000 1081 27 0.0250
292207.0000 1082 27 0.0250
292238.0000 1083 27 0.0249
292269.0000 1084 27 0.0249
292299.0000 1085 27 0.0249
292330.0000 1086 27 0.0249
292361.0000 1087 27 0.0248
292391.0000 1088 27 0.0248
292421.0000 1089 27 0.0248
292452.0000 1090 27 0.0248
292482.0000 1091 27 0.0247
292512.0000 1092 27 0.0247
292537.2000 1092 28 0.0256
292543.0000 1093 28 0.0256
292574.0000 1094 28 0.0256
292604.0000 1095 28 0.0256
292634.0000 1096 28 0.0255
292664.0000 1097 28 0.0255
292694.0000 1098 28 0.0255
292724.0000 1099 28 0.0255
292755.0000 1100 28 0.0255
292785.0000 1101 28 0.0254
292816.0000 1102 28 0.0254
292847.0000 1103 28 0.0254
292877.0000 1104 28 0.0254
292908.0000 1105 28 0.0253
292939.0000 1106 28 0.0253
292958.3000 1106 29 0.0262
292969.0000 1107 29 0.0262
292999.0000 1108 29 0.0262
293030.0000 1109 29 0.0261
293061.0000 1110 29 0.0261
293092.0000 1111 29 0.0261
293123.0000 1112 29 0.0261
293153.0000 1113 29 0.0261
293183.0000 1114 29 0.0260
293213.0000 1115 29 0.0260
293243.0000 1116 29 0.0260
293274.0000 1117 29 0.0260
293305.0000 1118 29 0.0259
293335.0000 1119 29 0.0259
293366.0000 1120 29 0.0259
293397.0000 1121 29 0.0259
293428.0000 1122 29 0.0258
293458.0000 1123 29 0.0258
293488.0000 1124 29 0.0258
293519.0000 1125 29 0.0258
293550.0000 1126 29 0.0258
293581.0000 1127 29 0.0257
293612.0000 1128 29 0.0257
293642.0000 1129 29 0.0257
293673.0000 1130 29 0.0257
293704.0000 1131 29 0.0256
293734.0000 1132 29 0.0256
293765.0000 1133 29 0.0256
293795.0000 1134 29 0.0256
293826.0000 1135 29 0.0256
293856.0000 1136 29 0.0255
293887.0000 1137 29 0.0255
293918.0000 1138 29 0.0255
293949.0000 1139 29 0.0255
293979.0000 1140 29 0.0254
294010.0000 1141 29 0.0254
294041.0000 1142 29 0.0254
294072.0000 1143 29 0.0254
294103.0000 1144 29 0.0253
294134.0000 1145 29 0.0253
294165.0000 1146 29 0.0253
294195.0000 1147 29 0.0253
294226.0000 1148 29 0.0253
294257.0000 1149 29 0.0252
294287.0000 1150 29 0.0252
294318.0000 1151 29 0.0252
294349.0000 1152 29 0.0252
294380.0000 1153 29 0.0252
294411.0000 1154 29 0.0251
294442.0000 1155 29 0.0251
294472.0000 1156 29 0.0251
294503.0000 1157 29 0.0251
294533.0000 1158 29 0.0250
294564.0000 1159 29 0.0250
294594.0000 1160 29 0.0250
294624.0000 1161 29 0.0250
294655.0000 1162 29 0.0250
294686.0000 1163 29 0.0249
294716.0000 1164 29 0.0249
294746.0000 1165 29 0.0249
294777.0000 1166 29 0.0249
294808.0000 1167 29 0.0249
294839.0000 1168 29 0.0248
294869.0000 1169 29 0.0248
294899.0000 1170 29 0.0248
294929.0000 1171 29 0.0248
294959.0000 1172 29 0.0247
294989.0000 1173 29 0.0247
295020.0000 1174 29 0.0247
295050.0000 1175 29 0.0247
295081.0000 1176 29 0.0247
295097.4000 1176 30 0.0255
295111.0000 1177 30 0.0255
295141.0000 1178 30 0.0255
295172.0000 1179 30 0.0254
295203.0000 1180 30 0.0254
295234.0000 1181 30 0.0254
295240.6000 1181 31 0.0262
295264.0000 1182 31 0.0262
295294.0000 1183 31 0.0262
295324.0000 1184 31 0.0262
295355.0000 1185 31 0.0262
295385.0000 1186 31 0.0261
295415.0000 1187 31 0.0261
295423.3000 1187 32 0.0270
295446.0000 1188 32 0.0269
295476.0000 1189 32 0.0269
295507.0000 1190 32 0.0269
295537.0000 1191 32 0.0269
295568.0000 1192 32 0.0268
295599.0000 1193 32 0.0268
295630.0000 1194 32 0.0268
295661.0000 1195 32 0.0268
295691.0000 1196 32 0.0268
295721.0000 1197 32 0.0267
295751.0000 1198 32 0.0267
295782.0000 1199 32 0.0267
295813.0000 1200 32 0.0267
295844.0000 1201 32 0.0266
295874.0000 1202 32 0.0266
295899.4000 1202 33 0.0275
295904.0000 1203 33 0.0274
295934.0000 1204 33 0.0274
295965.0000 1205 33 0.0274
295996.0000 1206 33 0.0274
296027.0000 1207 33 0.0273
296057.0000 1208 33 0.0273
296087.0000 1209 33 0.0273
296117.0000 1210 33 0.0273
296147.0000 1211 33 0.0273
296178.0000 1212 33 0.0272
296209.0000 1213 33 0.0272
296240.0000 1214 33 0.0272
296271.0000 1215 33 0.0272
296302.0000 1216 33 0.0271
296332.0000 1217 33 0.0271
296363.0000 1218 33 0.0271
296393.0000 1219 33 0.0271
296424.0000 1220 33 0.0270
296455.0000 1221 33 0.0270
296486.0000 1222 33 0.0270
296517.0000 1223 33 0.0270
296548.0000 1224 33 0.0270
296579.0000 1225 33 0.0269
296609.0000 1226 33 0.0269
296640.0000 1227 33 0.0269
296670.0000 1228 33 0.0269
296700.0000 1229 33 0.0269
296730.0000 1230 33 0.0268
296753.2000 1230 34 0.0276
296761.0000 1231 34 0.0276
296791.0000 1232 34 0.0276
296822.0000 1233 34 0.0276
296852.0000 1234 34 0.0276
296882.0000 1235 34 0.0275
296913.0000 1236 34 0.0275
296944.0000 1237 34 0.0275
296975.0000 1238 34 0.0275
297006.0000 1239 34 0.0274
297036.0000 1240 34 0.0274
297066.0000 1241 34 0.0274
297096.0000 1242 34 0.0274
297126.0000 1243 34 0.0274
297156.0000 1244 34 0.0273
297187.0000 1245 34 0.0273
297217.0000 1246 34 0.0273
297247.0000 1247 34 0.0273
297278.0000 1248 34 0.0272
297308.0000 1249 34 0.0272
297338.0000 1250 34 0.0272
297368.0000 1251 34 0.0272
297399.0000 1252 34 0.0272
297429.0000 1253 34 0.0271
297459.0000 1254 34 0.0271
297490.0000 1255 34 0.0271
297521.0000 1256 34 0.0271
297552.0000 1257 34 0.0270
297583.0000 1258 34 0.0270
297614.0000 1259 34 0.0270
297645.0000 1260 34 0.0270
297675.0000 1261 34 0.0270
297705.0000 1262 34 0.0269
297736.0000 1263 34 0.0269
297766.0000 1264 34 0.0269
297797.0000 1265 34 0.0269
297827.0000 1266 34 0.0269
297858.0000 1267 34 0.0268
297889.0000 1268 34 0.0268
297919.0000 1269 34 0.0268
297949.0000 1270 34 0.0268
297980.0000 1271 34 0.0268
298010.0000 1272 34 0.0267
298040.0000 1273 34 0.0267
298071.0000 1274 34 0.0267
298101.0000 1275 34 0.0267
298131.0000 1276 34 0.0266
298161.0000 1277 34 0.0266
298192.0000 1278 34 0.0266
298223.0000 1279 34 0.0266
298254.0000 1280 34 0.0266
298284.0000 1281 34 0.0265
298315.0000 1282 34 0.0265
298345.0000 1283 34 0.0265
298375.0000 1284 34 0.0265
298405.0000 1285 34 0.0265
298435.0000 1286 34 0.0264
298465.0000 1287 34 0.0264
298495.0000 1288 34 0.0264
298525.0000 1289 34 0.0264
298555.0000 1290 34 0.0264
298585.0000 1291 34 0.0263
298616.0000 1292 34 0.0263
298646.0000 1293 34 0.0263
298677.0000 1294 34 0.0263
298707.0000 1295 34 0.0263
298737.0000 1296 34 0.0262
298767.0000 1297 34 0.0262
298797.0000 1298 34 0.0262
298828.0000 1299 34 0.0262
298858.0000 1300 34 0.0262
298888.0000 1301 34 0.0261
298918.0000 1302 34 0.0261
298949.0000 1303 34 0.0261
298980.0000 1304 34 0.0261
299011.0000 1305 34 0.0261
299042.0000 1306 34 0.0260
299073.0000 1307 34 0.0260
299103.0000 1308 34 0.0260
299133.0000 1309 34 0.0260
299163.0000 1310 34 0.0260
299193.0000 1311 34 0.0259
299224.0000 1312 34 0.0259
299255.0000 1313 34 0.0259
299285.0000 1314 34 0.0259
299315.0000 1315 34 0.0259
299345.0000 1316 34 0.0258
299375.0000 1317 34 0.0258
299405.0000 1318 34 0.0258
299436.0000 1319 34 0.0258
299466.0000 1320 34 0.0258
299496.0000 1321 34 0.0257
299527.0000 1322 34 0.0257
299557.0000 1323 34 0.0257
299588.0000 1324 34 0.0257
299618.0000 1325 34 0.0257
299649.0000 1326 34 0.0256
299680.0000 1327 34 0.0256
299711.0000 1328 34 0.0256
299742.0000 1329 34 0.0256
299772.0000 1330 34 0.0256
299802.0000 1331 34 0.0255
299833.0000 1332 34 0.0255
299864.0000 1333 34 0.0255
299895.0000 1334 34 0.0255
299926.0000 1335 34 0.0255
299956.0000 1336 34 0.0254
299978.3000 1336 35 0.0262
299986.0000 1337 35 0.0262
300017.0000 1338 35 0.0262
300047.0000 1339 35 0.0261
300077.0000 1340 35 0.0261
300108.0000 1341 35 0.0261
300139.0000 1342 35 0.0261
300169.0000 1343 35 0.0261
300199.0000 1344 35 0.0260
300229.0000 1345 35 0.0260
300259.0000 1346 35 0.0260
300290.0000 1347 35 0.0260
300320.0000 1348 35 0.0260
300351.0000 1349 35 0.0259
300382.0000 1350 35 0.0259
300413.0000 1351 35 0.0259
300444.0000 1352 35 0.0259
300475.0000 1353 35 0.0259
300506.0000 1354 35 0.0258
300537.0000 1355 35 0.0258
300568.0000 1356 35 0.0258
300598.0000 1357 35 0.0258
300628.0000 1358 35 0.0258
300658.0000 1359 35 0.0258
300688.0000 1360 35 0.0257
300718.0000 1361 35 0.0257
300748.0000 1362 35 0.0257
300779.0000 1363 35 0.0257
300810.0000 1364 35 0.0257
300841.0000 1365 35 0.0256
300872.0000 1366 35 0.0256
300903.0000 1367 35 0.0256
300934.0000 1368 35 0.0256
300964.0000 1369 35 0.0256
300995.0000 1370 35 0.0255
301026.0000 1371 35 0.0255
301057.0000 1372 35 0.0255
301088.0000 1373 35 0.0255
301119.0000 1374 35 0.0255
301150.0000 1375 35 0.0255
301180.0000 1376 35 0.0254
301210.0000 1377 35 0.0254
301240.0000 1378 35 0.0254
301271.0000 1379 35 0.0254
301301.0000 1380 35 0.0254
301306.4000 1380 36 0.0261
301332.0000 1381 36 0.0261
301362.0000 1382 36 0.0260
301393.0000 1383 36 0.0260
301423.0000 1384 36 0.0260
301453.0000 1385 36 0.0260
301483.0000 1386 36 0.0260
301513.0000 1387 36 0.0260
301544.0000 1388 36 0.0259
301574.0000 1389 36 0.0259
301605.0000 1390 36 0.0259
301635.0000 1391 36 0.0259
301666.0000 1392 36 0.0259
301697.0000 1393 36 0.0258
301727.0000 1394 36 0.0258
301757.0000 1395 36 0.0258
301787.0000 1396 36 0.0258
301798.8000 1396 37 0.0265
301818.0000 1397 37 0.0265
301849.0000 1398 37 0.0265
301879.0000 1399 37 0.0264
301909.0000 1400 37 0.0264
301939.0000 1401 37 0.0264
301970.0000 1402 37 0.0264
302000.0000 1403 37 0.0264
302031.0000 1404 37 0.0264
302062.0000 1405 37 0.0263
302093.0000 1406 37 0.0263
302123.0000 1407 37 0.0263
302153.0000 1408 37 0.0263
302184.0000 1409 37 0.0263
302214.0000 1410 37 0.0262
302244.0000 1411 37 0.0262
302275.0000 1412 37 0.0262
302306.0000 1413 37 0.0262
302337.0000 1414 37 0.0262
302367.0000 1415 37 0.0261
302397.0000 1416 37 0.0261
302501.4000 1416 38 0.0268
302566.5000 1416 39 0.0275
303142.4000 1416 40 0.0282
303675.8000 1416 41 0.0290
303675.8000 1416 42 0.0297
303854.6000 1416 43 0.0304
304492.8000 1416 44 0.0311
305688.4000 1416 45 0.0318
306091.6000 1416 46 0.0325
309725.1000 1416 47 0.0332
311262.7000 1416 48 0.0339
311787.2000 1416 49 0.0346
313280.0000 1416 50 0.0353
319247.0000 1416 51 0.0360
320173.7000 1416 52 0.0367
321123.1000 1416 53 0.0374
321702.8000 1416 54 0.0381
322069.9000 1416 55 0.0388
322090.4000 1416 56 0.0395
322113.0000 1416 57 0.0403
322113.0000 1416 58 0.0410
324086.2000 1416 59 0.0417
326839.3000 1416 60 0.0424
329002.6000 1416 61 0.0431
330379.0000 1416 62 0.0438
332004.0000 1416 63 0.0445
332503.9000 1416 64 0.0452
335051.3000 1416 65 0.0459
340460.8000 1416 66 0.0466
340907.2000 1416 67 0.0473
342478.1000 1416 68 0.0480
344535.5000 1416 69 0.0487
